[gd_scene format=3 uid="uid://j36p8iy3nxuy"]

[ext_resource type="Script" uid="uid://dfqaw0jscyvlx" path="res://src/levels/base/level.gd" id="1_level"]
[ext_resource type="Resource" path="res://src/levels/island/level_1/level_1_info.tres" id="2_info"]
[ext_resource type="Script" uid="uid://ckxshtqj7odax" path="res://src/vehicles/base/chase_camera.gd" id="3_cam"]
[ext_resource type="Script" uid="uid://5y8krjlda43v" path="res://src/levels/base/vehicle_spawn.gd" id="4_spawn"]
[ext_resource type="Script" uid="uid://ctk4ghrrwqt7i" path="res://src/levels/base/heightmap_terrain.gd" id="5_terrain"]
[ext_resource type="Texture2D" uid="uid://dyqakr52vmxiu" path="res://src/levels/island/level_1/level_1_island_height.png" id="6_height"]
[ext_resource type="Texture2D" uid="uid://cyia3e0h3irgf" path="res://src/levels/island/level_1/level_1_island_splat.png" id="7_splat"]
[ext_resource type="PackedScene" path="res://kit/prefabs/commercial/building-d.tscn" id="8_p0i15"]
[ext_resource type="Shader" uid="uid://bcdkfxw2svriw" path="res://kit/terrain/terrain_splat.gdshader" id="8_shader"]
[ext_resource type="Script" uid="uid://bqwd2fww3l5yg" path="res://src/water/water_surface.gd" id="9_water"]
[ext_resource type="Script" uid="uid://t88htpmwukbg" path="res://kit/helpers/authoring_root.gd" id="10_40d31"]
[ext_resource type="PackedScene" path="res://kit/prefabs/suburban/tree-large.tscn" id="10_nay4p"]
[ext_resource type="MeshLibrary" uid="uid://cl16o5y8exqb4" path="res://kit/palettes/roads.meshlib" id="10_pi343"]
[ext_resource type="PackedScene" path="res://kit/prefabs/suburban/building-type-m.tscn" id="12_lc5tw"]
[ext_resource type="Texture2D" uid="uid://qbm7w1a6po7c" path="res://src/levels/island/level_1/level_1_island_splat2.png" id="13_40d31"]
[ext_resource type="PackedScene" path="res://kit/prefabs/suburban/building-type-b.tscn" id="13_n8rmt"]
[ext_resource type="Environment" uid="uid://bjh6g6yntyvh1" path="res://src/levels/base/default_env.tres" id="14_env"]
[ext_resource type="PackedScene" path="res://kit/prefabs/nature/mushroom_tanTall.tscn" id="14_ruh2v"]
[ext_resource type="PackedScene" path="res://kit/prefabs/nature/mushroom_tan.tscn" id="15_5y66u"]
[ext_resource type="PackedScene" path="res://kit/prefabs/nature/flower_redA.tscn" id="16_tw4u1"]
[ext_resource type="PackedScene" path="res://kit/prefabs/nature/plant_bushLarge.tscn" id="17_116nn"]
[ext_resource type="PackedScene" path="res://kit/prefabs/nature/plant_flatShort.tscn" id="18_kyk1v"]
[ext_resource type="PackedScene" path="res://kit/prefabs/nature/grass_large.tscn" id="19_i3rb1"]
[ext_resource type="Script" uid="uid://bwvw8p2jvnjnw" path="res://kit/helpers/scatter_canvas.gd" id="20_116nn"]
[ext_resource type="PackedScene" path="res://kit/prefabs/nature/grass.tscn" id="20_atimi"]
[ext_resource type="Script" uid="uid://dk7ho08flq7vy" path="res://kit/helpers/scatter_item.gd" id="21_kyk1v"]
[ext_resource type="PackedScene" uid="uid://dyvbilgciukjf" path="res://kit/raw/nature/crop_carrot.glb" id="22_i3rb1"]

[sub_resource type="PlaneMesh" id="SeaBedMesh"]
size = Vector2(560, 560)

[sub_resource type="StandardMaterial3D" id="SeaBedMat"]
albedo_color = Color(0.83, 0.76, 0.55, 1)

[sub_resource type="Resource" id="Resource_atimi"]
script = ExtResource("21_kyk1v")
prefab = ExtResource("22_i3rb1")
metadata/_custom_type_script = "uid://dk7ho08flq7vy"

[sub_resource type="ShaderMaterial" id="SplatMat"]
render_priority = 0
shader = ExtResource("8_shader")
shader_parameter/grass_color = Color(0.35, 0.55, 0.25, 1)
shader_parameter/dirt_color = Color(0.52, 0.4, 0.26, 1)
shader_parameter/sand_color = Color(0.83, 0.76, 0.55, 1)
shader_parameter/rock_color = Color(0.45, 0.44, 0.42, 1)
shader_parameter/color5 = Color(0.92, 0.94, 0.97, 1)
shader_parameter/color6 = Color(0.3, 0.24, 0.17, 1)
shader_parameter/color7 = Color(0.22, 0.22, 0.24, 1)
shader_parameter/color8 = Color(0.62, 0.6, 0.56, 1)
shader_parameter/splatmap = ExtResource("7_splat")
shader_parameter/splatmap2 = ExtResource("13_40d31")
shader_parameter/blend_sharpness = 8.0
shader_parameter/roughness_value = 1.0

[node name="Level1" type="Node3D" unique_id=834509219]
script = ExtResource("1_level")
info = ExtResource("2_info")

[node name="WorldEnvironment" type="WorldEnvironment" parent="." unique_id=1441641025]
environment = ExtResource("14_env")

[node name="Sun" type="DirectionalLight3D" parent="." unique_id=158144200]
transform = Transform3D(0.866, 0.354, -0.354, 0, 0.707, 0.707, 0.5, -0.612, 0.612, 0, 40, 0)
light_color = Color(1, 0.96, 0.88, 1)
shadow_enabled = true
directional_shadow_max_distance = 150.0

[node name="ChaseCamera" type="Camera3D" parent="." unique_id=1523021102]
transform = Transform3D(1, 0, 0, 0, 1, 0, 0, 0, 1, 0, 10, 10)
far = 1000.0
script = ExtResource("3_cam")

[node name="Spawn" type="Marker3D" parent="." unique_id=712029966]
transform = Transform3D(-0.027084181, 0, 0.99963313, 0, 1, 0, -0.99963313, 0, -0.027084181, -6.187355, 24.508305, 163.25462)
script = ExtResource("4_spawn")
vehicle_types = PackedStringArray("car", "truck", "tractor")

[node name="WaterSpawn2" type="Marker3D" parent="." unique_id=2051143681]
transform = Transform3D(1, 0, 0, 0, 1, 0, 0, 0, 1, 270.64832, 1.3, -7.5882416)
script = ExtResource("4_spawn")
vehicle_types = PackedStringArray("boat")
is_water = true

[node name="Sea" type="Area3D" parent="." unique_id=2031517117]
transform = Transform3D(1, 0, 0, 0, 1, 0, 0, 0, 1, 0, 1, 0)
script = ExtResource("9_water")
size = Vector2(560, 560)
depth = 3.0
far_sea_extent = 1900.0

[node name="SeaBed" type="MeshInstance3D" parent="." unique_id=115278425]
transform = Transform3D(1, 0, 0, 0, 1, 0, 0, 0, 1, 0, -0.01, 0)
mesh = SubResource("SeaBedMesh")
surface_material_override/0 = SubResource("SeaBedMat")

[node name="AuthoringRoot" type="Node3D" parent="." unique_id=1758181526]
script = ExtResource("10_40d31")
chunk_size = 64.0
metadata/_custom_type_script = "uid://t88htpmwukbg"

[node name="CommercialProps" type="Node3D" parent="AuthoringRoot" unique_id=343336228]

[node name="BuildingD" parent="AuthoringRoot/CommercialProps" unique_id=1163819761 instance=ExtResource("8_p0i15")]
transform = Transform3D(0.24438398, 0, -0.9696785, 0, 1, 0, 0.9696785, 0, 0.24438398, 20.017984, 29.802547, 31.22839)

[node name="RoadsTiles" type="GridMap" parent="AuthoringRoot" unique_id=1564244448]
mesh_library = ExtResource("10_pi343")
cell_size = Vector3(12, 3, 12)
cell_center_y = false
data = {
"cells": PackedInt32Array(917503, 5, 1048600, 655355, 13, 49, 458749, 13, 655398, 589820, 13, 655396, 655354, 13, 655360, 655354, 12, 1048625, 655354, 11, 1048625, 524282, 10, 1441835, 393210, 9, 1441834, 262138, 8, 1441834, 262138, 7, 1441818, 262137, 7, 655360)
}
metadata/_editor_floor_ = Vector3(0, 3, 0)

[node name="SuburbanProps" type="Node3D" parent="AuthoringRoot" unique_id=1632206684]

[node name="TreeLarge" parent="AuthoringRoot/SuburbanProps" unique_id=1741990176 instance=ExtResource("10_nay4p")]
transform = Transform3D(0.16663232, 0, -0.9860191, 0, 1, 0, 0.9860191, 0, 0.16663232, -58.044724, 27, 169.94962)

[node name="@Node3D@25716" parent="AuthoringRoot/SuburbanProps" unique_id=1895164441 instance=ExtResource("10_nay4p")]
transform = Transform3D(0.9769819, 0, 0.21332236, 0, 1, 0, -0.21332236, 0, 0.9769819, -59.95465, 27, 146.77493)

[node name="@Node3D@25717" parent="AuthoringRoot/SuburbanProps" unique_id=1094166373 instance=ExtResource("10_nay4p")]
transform = Transform3D(0.2292753, 0, 0.9733616, 0, 1, 0, -0.9733616, 0, 0.2292753, -89.578766, 27, 151.83337)

[node name="BuildingTypeM" parent="AuthoringRoot/SuburbanProps" unique_id=43173711 instance=ExtResource("12_lc5tw")]
transform = Transform3D(-0.70710677, 0, 0.70710677, 0, 1, 0, -0.70710677, 0, -0.70710677, -48.396828, 27.000002, 144.36552)

[node name="BuildingTypeB" parent="AuthoringRoot/SuburbanProps" unique_id=1030771529 instance=ExtResource("13_n8rmt")]
transform = Transform3D(-0.25881898, 0, -0.9659259, 0, 1, 0, 0.9659259, 0, -0.25881898, -83.76066, 27.000002, 142.82825)

[node name="NatureProps" type="Node3D" parent="AuthoringRoot" unique_id=565265669]

[node name="MushroomTanTall" parent="AuthoringRoot/NatureProps" unique_id=1077485661 instance=ExtResource("14_ruh2v")]
transform = Transform3D(-0.25881898, 0, -0.9659259, 0, 1, 0, 0.9659259, 0, -0.25881898, -51.08985, 27.000002, 154.91481)

[node name="@Node3D@28525" parent="AuthoringRoot/NatureProps" unique_id=1556696913 instance=ExtResource("14_ruh2v")]
transform = Transform3D(-0.25881898, 0, -0.9659259, 0, 1, 0, 0.9659259, 0, -0.25881898, -53.638836, 27.000002, 154.41919)

[node name="@Node3D@28526" parent="AuthoringRoot/NatureProps" unique_id=662410827 instance=ExtResource("14_ruh2v")]
transform = Transform3D(-0.25881898, 0, -0.9659259, 0, 1, 0, 0.9659259, 0, -0.25881898, -56.712566, 27.000002, 153.19824)

[node name="@Node3D@28527" parent="AuthoringRoot/NatureProps" unique_id=1048597015 instance=ExtResource("14_ruh2v")]
transform = Transform3D(-0.25881898, 0, -0.9659259, 0, 1, 0, 0.9659259, 0, -0.25881898, -57.899673, 27.000002, 153.96986)

[node name="@Node3D@28528" parent="AuthoringRoot/NatureProps" unique_id=1432621613 instance=ExtResource("14_ruh2v")]
transform = Transform3D(-0.25881898, 0, -0.9659259, 0, 1, 0, 0.9659259, 0, -0.25881898, -54.10985, 27.000002, 151.96333)

[node name="@Node3D@28529" parent="AuthoringRoot/NatureProps" unique_id=994372879 instance=ExtResource("14_ruh2v")]
transform = Transform3D(-0.25881898, 0, -0.9659259, 0, 1, 0, 0.9659259, 0, -0.25881898, -77.295135, 27.000002, 142.90555)

[node name="@Node3D@28530" parent="AuthoringRoot/NatureProps" unique_id=1540462706 instance=ExtResource("14_ruh2v")]
transform = Transform3D(-0.25881898, 0, -0.9659259, 0, 1, 0, 0.9659259, 0, -0.25881898, -74.66886, 27.000002, 146.61998)

[node name="@Node3D@28531" parent="AuthoringRoot/NatureProps" unique_id=297344120 instance=ExtResource("14_ruh2v")]
transform = Transform3D(-0.25881898, 0, -0.9659259, 0, 1, 0, 0.9659259, 0, -0.25881898, -51.46616, 27.000002, 151.13153)

[node name="MushroomTan" parent="AuthoringRoot/NatureProps" unique_id=710969519 instance=ExtResource("15_5y66u")]
transform = Transform3D(-0.25881898, 0, -0.9659259, 0, 1, 0, 0.9659259, 0, -0.25881898, -75.21157, 27.000002, 138.64998)

[node name="@Node3D@28539" parent="AuthoringRoot/NatureProps" unique_id=856106832 instance=ExtResource("15_5y66u")]
transform = Transform3D(-0.25881898, 0, -0.9659259, 0, 1, 0, 0.9659259, 0, -0.25881898, -75.580505, 27.000002, 141.08578)

[node name="@Node3D@28540" parent="AuthoringRoot/NatureProps" unique_id=2140314197 instance=ExtResource("15_5y66u")]
transform = Transform3D(-0.25881898, 0, -0.9659259, 0, 1, 0, 0.9659259, 0, -0.25881898, -52.646393, 27.000002, 150.80904)

[node name="@Node3D@28541" parent="AuthoringRoot/NatureProps" unique_id=915976690 instance=ExtResource("15_5y66u")]
transform = Transform3D(-0.25881898, 0, -0.9659259, 0, 1, 0, 0.9659259, 0, -0.25881898, -53.88259, 27.000002, 149.712)

[node name="FlowerRedA" parent="AuthoringRoot/NatureProps" unique_id=130200447 instance=ExtResource("16_tw4u1")]
transform = Transform3D(-0.25881898, 0, -0.9659259, 0, 1, 0, 0.9659259, 0, -0.25881898, -58.557472, 27.000002, 150.48175)

[node name="@Node3D@28542" parent="AuthoringRoot/NatureProps" unique_id=66998920 instance=ExtResource("16_tw4u1")]
transform = Transform3D(-0.25881898, 0, -0.9659259, 0, 1, 0, 0.9659259, 0, -0.25881898, -56.136467, 27.000002, 152.33481)

[node name="@Node3D@28543" parent="AuthoringRoot/NatureProps" unique_id=1453203905 instance=ExtResource("16_tw4u1")]
transform = Transform3D(-0.25881898, 0, -0.9659259, 0, 1, 0, 0.9659259, 0, -0.25881898, -78.75417, 27.000002, 145.91821)

[node name="PlantBushLarge" parent="AuthoringRoot/NatureProps" unique_id=1758638439 instance=ExtResource("17_116nn")]
transform = Transform3D(-0.25881898, 0, -0.9659259, 0, 1, 0, 0.9659259, 0, -0.25881898, -84.683685, 8.511978, 77.94197)

[node name="@Node3D@28544" parent="AuthoringRoot/NatureProps" unique_id=852296219 instance=ExtResource("17_116nn")]
transform = Transform3D(-0.25881898, 0, -0.9659259, 0, 1, 0, 0.9659259, 0, -0.25881898, -100.570526, 8.914286, 79.48527)

[node name="PlantFlatShort" parent="AuthoringRoot/NatureProps" unique_id=1049226661 instance=ExtResource("18_kyk1v")]
transform = Transform3D(-0.25881898, 0, -0.9659259, 0, 1, 0, 0.9659259, 0, -0.25881898, -105.19414, 8.999241, 74.67907)

[node name="@Node3D@28545" parent="AuthoringRoot/NatureProps" unique_id=415730665 instance=ExtResource("18_kyk1v")]
transform = Transform3D(-0.25881898, 0, -0.9659259, 0, 1, 0, 0.9659259, 0, -0.25881898, -105.06186, 8.933638, 55.330982)

[node name="@Node3D@28546" parent="AuthoringRoot/NatureProps" unique_id=1735347703 instance=ExtResource("18_kyk1v")]
transform = Transform3D(-0.25881898, 0, -0.9659259, 0, 1, 0, 0.9659259, 0, -0.25881898, -90.809944, 9, 55.7459)

[node name="@Node3D@28547" parent="AuthoringRoot/NatureProps" unique_id=365606763 instance=ExtResource("18_kyk1v")]
transform = Transform3D(-0.25881898, 0, -0.9659259, 0, 1, 0, 0.9659259, 0, -0.25881898, -79.872116, 9, 62.73124)

[node name="@Node3D@28548" parent="AuthoringRoot/NatureProps" unique_id=592934794 instance=ExtResource("18_kyk1v")]
transform = Transform3D(-0.25881898, 0, -0.9659259, 0, 1, 0, 0.9659259, 0, -0.25881898, -83.644646, 9, 59.58042)

[node name="@Node3D@28549" parent="AuthoringRoot/NatureProps" unique_id=94056875 instance=ExtResource("18_kyk1v")]
transform = Transform3D(-0.25881898, 0, -0.9659259, 0, 1, 0, 0.9659259, 0, -0.25881898, -80.62359, 8.874605, 70.586136)

[node name="@Node3D@28550" parent="AuthoringRoot/NatureProps" unique_id=1519816396 instance=ExtResource("18_kyk1v")]
transform = Transform3D(-0.25881898, 0, -0.9659259, 0, 1, 0, 0.9659259, 0, -0.25881898, -79.89426, 9, 66.98839)

[node name="@Node3D@28551" parent="AuthoringRoot/NatureProps" unique_id=1749629278 instance=ExtResource("18_kyk1v")]
transform = Transform3D(-0.25881898, 0, -0.9659259, 0, 1, 0, 0.9659259, 0, -0.25881898, -82.251076, 8.984697, 62.07658)

[node name="@Node3D@28552" parent="AuthoringRoot/NatureProps" unique_id=290945757 instance=ExtResource("18_kyk1v")]
transform = Transform3D(-0.25881898, 0, -0.9659259, 0, 1, 0, 0.9659259, 0, -0.25881898, -87.289856, 9, 57.50194)

[node name="GrassLarge" parent="AuthoringRoot/NatureProps" unique_id=1527464773 instance=ExtResource("19_i3rb1")]
transform = Transform3D(-0.25881898, 0, -0.9659259, 0, 1, 0, 0.9659259, 0, -0.25881898, -82.0955, 8.78063, 74.7554)

[node name="@Node3D@28553" parent="AuthoringRoot/NatureProps" unique_id=641425709 instance=ExtResource("19_i3rb1")]
transform = Transform3D(-0.25881898, 0, -0.9659259, 0, 1, 0, 0.9659259, 0, -0.25881898, -81.89783, 8.774492, 73.77576)

[node name="@Node3D@28554" parent="AuthoringRoot/NatureProps" unique_id=1220400396 instance=ExtResource("19_i3rb1")]
transform = Transform3D(-0.25881898, 0, -0.9659259, 0, 1, 0, 0.9659259, 0, -0.25881898, -80.46502, 8.999882, 76.214836)

[node name="Grass" parent="AuthoringRoot/NatureProps" unique_id=1973672256 instance=ExtResource("20_atimi")]
transform = Transform3D(-0.25881898, 0, -0.9659259, 0, 1, 0, 0.9659259, 0, -0.25881898, -80.200264, 8.999949, 75.26866)

[node name="@Node3D@28560" parent="AuthoringRoot/NatureProps" unique_id=426164182 instance=ExtResource("20_atimi")]
transform = Transform3D(-0.25881898, 0, -0.9659259, 0, 1, 0, 0.9659259, 0, -0.25881898, -80.01, 8.999998, 74.41155)

[node name="ScatterCanvas" type="Node3D" parent="AuthoringRoot" unique_id=1811908153]
script = ExtResource("20_116nn")
paint_pattern = "grid"
grid_step = Vector2(0.5, 0.5)
items = Array[ExtResource("21_kyk1v")]([SubResource("Resource_atimi"), null])
stored_transforms = Array[PackedFloat32Array]([PackedFloat32Array(-79.37335, 9, 71.81513, 1.5206671, 1.0071611, -83.88705, 8.799133, 78.159195, -2.6735477, 1.1338953, -72.45367, 9, 81.27218, 1.4304554, 1.0755668, -73.56573, 9, 74.41548, 2.0615354, 1.0053333, -72.307365, 9, 76.81336, 1.1876254, 1.0631446, -81.70556, 8.999756, 78.298645, 2.9174318, 0.87958187, -74.64079, 9, 83.0539, -1.562595, 0.9622681, -77.908134, 9, 78.78833, 0.33921012, 0.9031009, -75.47421, 9, 68.54898, 0.9630392, 0.9584475, -76.14434, 9, 77.47488, -1.1282556, 0.932498, -69.760666, 9, 73.38248, -1.6110536, 0.9157891, -75.03297, 9, 72.53912, -2.1188297, 1.1282465, -75.74252, 9, 75.378006, 1.4439092, 0.8683258, -82.762054, 8.744202, 75.48901, 2.5340712, 1.1111887, -76.7364, 9, 83.05442, 1.0845174, 1.0390098, -71.2514, 9, 71.03983, -0.13735494, 0.9281592, -80.02344, 9, 75.08132, -1.4221693, 1.0466897, -75.361015, 9, 79.735085, -2.8886642, 1.1040256, -75.59857, 9, 65.38161, -1.3101207, 0.85711974, -69.305145, 9, 69.462204, 1.2726651, 1.1260588, -81.79973, 8.512573, 72.1602, -0.48494953, 1.0266107, -78.473015, 9, 76.85399, 3.0693393, 0.914528, -79.862114, 9, 68.34189, -1.8155273, 0.96577764, -77.43917, 9, 66.394424, -1.3166852, 0.9010335, -72.485725, 9, 66.117485, 3.0149126, 0.85558707, -78.2353, 9, 64.30431, 1.0437294, 0.9623071, -71.20632, 9.00177, 64.3202, 0.71839285, 0.8509, -78.193, 9, 62.23634, 1.0001072, 0.9277234, -80.71162, 8.856812, 70.302925, 1.2227257, 1.1273612, -74.481705, 9, 62.784657, 0.7213739, 1.0954973, -73.09437, 8.999878, 60.108692, -1.2573527, 1.0797907, -75.78997, 9, 60.34642, 1.4591838, 1.0742594, -80.13758, 8.999878, 66.1921, 2.1039329, 0.8575768, -81.42647, 9, 61.488102, 1.8586338, 1.0974609, -77.96424, 9, 58.813427, -1.0975134, 1.0407194, -82.392235, 8.921936, 63.58, -1.2684427, 1.1364427, -83.25198, 8.999878, 60.419384, -3.1173658, 1.0459287, -75.7171, 9, 52.35982, 0.75145173, 1.0646445, -80.89041, 9, 54.423283, -1.2045605, 0.8541541, -79.21994, 9, 49.765347, 3.0566487, 1.0719135, -88.53932, 8.949585, 57.251183, -1.3678055, 0.93156135, -86.71305, 9, 52.39204, 1.5556111, 0.9276408, -85.57193, 8.999878, 58.347572, -2.0275834, 1.1093358, -81.37318, 9, 57.049973, -0.24950108, 0.94976604, -81.20549, 9, 49.078487, 1.7157167, 1.0606058, -76.017105, 9, 54.52295, 0.15505153, 1.1302321, -92.30233, 9, 51.33664, 0.49769813, 1.0080999, -87.864784, 9, 48.88007, 2.9241712, 0.89059967, -78.61532, 9, 56.671745, 1.3566397, 0.9697602, -83.371826, 9, 58.196686, 2.496159, 1.1250718, -91.817955, 9, 55.457058, -2.584104, 0.965903, -83.91925, 9, 48.613213, -1.7301716, 1.0939372, -82.92444, 9, 51.74811, 1.4887868, 1.0001115, -88.88061, 9, 53.496826, -2.1326973, 1.0192542, -86.953926, 9, 45.012512, 2.986503, 0.96438515, -95.35021, 9, 50.195023, 2.0986662, 0.8549294, -80.838486, 9, 52.256657, 0.37832886, 0.9099781, -82.85951, 9, 55.017097, -2.822611, 0.89203554, -85.5786, 9, 54.343666, 2.7697983, 1.0001682, -95.186676, 9, 52.67561, -2.8297832, 1.0132786, -98.3518, 9, 51.314426, 0.055858847, 0.86333257, -90.539536, 9, 49.738842, 2.3872485, 1.1477482, -84.27605, 9, 46.269524, 1.3422003, 1.0643297, -95.45856, 9, 46.272976, 2.5790532, 1.1249517, -91.25025, 9, 43.112453, -2.4735346, 1.1071526, -92.36699, 9, 46.99266, -0.49947664, 0.88101405, -96.46641, 8.999756, 54.252316, 2.7538176, 0.85686505, -96.43123, 9, 43.417175, -1.6071608, 0.9567423, -92.93694, 9, 49.300663, 0.023359127, 1.0749104, -90.22958, 9, 45.719067, -1.6067587, 0.9145566, -99.375984, 9, 46.216564, 1.5886502, 1.078881, -101.467896, 9, 49.849236, -2.3045838, 1.1352043, -103.061264, 9, 45.64678, -0.5200685, 1.0272545, -103.447395, 9, 51.13692, 3.032249, 0.98089266, -97.883316, 9, 49.012035, 2.1393142, 0.9192703, -99.59363, 8.964966, 55.086212, -1.8575298, 0.8733944, -103.62785, 9, 48.362835, 2.0194306, 0.9390373, -100.10796, 9, 44.189896, -0.41861477, 0.86476386, -106.32529, 9, 48.669952, -2.4382885, 0.8574209, -105.60089, 9, 51.623928, -1.3383507, 1.1470745, -108.14831, 9, 51.962875, 0.11716228, 0.8792644, -107.70034, 8.999756, 55.24544, 1.0172858, 1.030839, -103.54016, 0.9949341, 62.788082, 1.4451376, 0.98094445, -102.59633, 8.732422, 55.669342, 1.6955248, 0.9036996, -112.01655, 8.999878, 56.219418, -2.5121915, 1.1321942, -104.36155, 9, 53.541107, -1.8091989, 0.9226532, -113.02807, 9, 53.044655, -1.2282323, 1.1194742, -110.93621, 9, 51.592133, -0.73387593, 0.8994105, -112.22993, 8.689575, 61.485477, 1.8553652, 1.0430468, -109.80945, 8.841003, 57.300037, -1.9315258, 0.9484555, -105.798294, 1.7182617, 63.399002, 0.837191, 1.0945424, -115.37552, 9, 56.54279, -0.43068945, 1.0920113, -116.39874, 9, 61.143856, -1.742768, 0.8820494, -112.4844, 8.983643, 66.92717, -0.17321774, 0.8532414, -113.18268, 8.999939, 68.85186, -1.6950411, 0.9009811, -112.91924, 8.966736, 64.15728, -2.3530314, 0.99928164, -111.57983, 8.881592, 58.742455, 2.2553859, 1.053606, -117.10213, 9, 65.62161, -2.7120085, 1.0674992, -115.109436, 9, 66.38223, -0.44122377, 1.0345994, -110.94353, 8.987061, 68.55365, 2.7697387, 1.0140119, -110.98397, 9, 72.29987, 3.082567, 0.91568536, -105.010704, 8.998352, 74.08821, -1.2589871, 0.94274235, -108.19196, 8.999756, 73.59937, 2.681522, 1.1229426, -110.20087, 9, 74.28834, 0.6282355, 1.0518756, -112.818306, 8.999939, 70.84533, 0.633746, 0.9798139, -97.92492, 0.125, 70.62454, -0.15162347, 0.99412805, -105.33757, 9, 79.014656, 1.1007556, 0.9270347, -100.87462, 0.40490723, 67.28103, -0.3220019, 1.1096842, -111.579506, 9, 76.636444, -0.36844638, 0.9373461, -108.31045, 9, 76.43137, -1.7630682, 1.1273665, -113.30165, 9, 74.2513, 2.3571053, 0.9524104, -109.03037, 8.997253, 70.19543, -2.5770745, 0.94602156, -96.84891, 0.63739014, 73.74192, 1.7008911, 1.1192867, -103.10017, 9, 80.39498, 1.5425278, 1.1190839, -98.76162, 0.0006713867, 68.31557, 0.11724953, 0.9774927, -104.52408, 8.998718, 76.284546, 1.7828392, 1.0473624, -106.813576, 9, 81.067505, -0.20589067, 1.0101788, -104.469246, 9, 83.198494, 2.4497674, 1.1082562, -97.836845, 8.966309, 82.59769, 1.5967362, 0.9167846, -100.05388, 8.999023, 82.019875, -1.2358742, 1.0489843, -103.434135, 8.999756, 78.133, -0.353021, 0.8826205, -99.49099, 9, 85.68802, 2.4457948, 1.1291776, -102.15372, 9, 83.05354, 1.3646609, 1.0061345, -94.8131, 8.4210205, 82.14854, 2.8911786, 0.94676495, -91.910225, 8.99939, 84.58756, 0.41177535, 1.0562022, -96.46663, 9, 86.368546, -1.8396792, 0.94158244, -100.188255, 8.685181, 78.269165, 1.1076345, 0.9451845, -101.73066, 9, 87.08634, -1.1114656, 1.1181147, -94.34626, 9, 89.799576, 1.1094868, 1.133981, -96.77559, 9, 90.17196, 3.1222217, 1.0957552, -99.17918, 8.836548, 80.133804, -1.3678774, 0.88270956, -98.80584, 9, 88.00283, 0.8292934, 0.9460622, -92.37566, 9, 88.15233, -1.8147315, 0.97624683, -89.06132, 8.9991455, 84.17635, -3.0213597, 0.8635981, -94.635185, 8.999268, 84.48347, -0.9491712, 0.957952, -91.086716, 9, 89.86362, 2.596294, 1.1475933, -92.458405, 9, 91.650345, -2.500406, 1.1324911, -88.32416, 9, 88.563095, -0.6444098, 1.0618783, -86.462166, 8.597656, 80.44603, 3.1296072, 0.95210904, -88.612144, 9, 93.1692, -3.1324334, 1.0266975, -95.37543, 9, 92.26195, -1.4197083, 1.143789, -85.48968, 8.996643, 82.47517, 2.4163902, 1.0538538, -84.17274, 9, 88.80344, -0.06368005, 1.1224533, -83.83833, 9, 83.70703, -1.0687101, 1.1081824, -81.640976, 9, 92.3648, 1.3324413, 0.9949581, -83.88756, 9, 85.91905, 0.5643409, 0.88455325, -81.85031, 9.119934, 86.78637, -1.7450092, 1.0658457, -86.71801, 9, 93.948616, -2.481472, 0.88650644, -79.66282, 9.120178, 89.00311, -2.3888178, 0.9656834, -82.55112, 8.999878, 81.77591, -2.681419, 0.898247, -77.51297, 9.119995, 87.42462, 1.4382347, 0.8790684, -81.63552, 9.119995, 84.27834, -0.4416376, 1.1413344, -87.06502, 9, 86.45248, 2.2768633, 1.0607586, -94.132576, 18, 119.19191, -3.001133, 0.9248951, -100.96605, 18, 121.23338, 1.0121334, 0.8576651, -94.981865, 18, 123.30949, -2.622528, 1.1004525, -95.84157, 18, 117.46105, 0.45606866, 0.85307384, -103.09364, 18, 120.30476, 0.9942289, 1.1292241, -100.5113, 18, 116.48779, -2.803224, 0.8686709, -90.33116, 17.998352, 118.238, -2.0321903, 0.9102328, -96.81946, 18, 126.426796, 1.4244195, 0.9885512, -99.62195, 18, 124.4456, -2.3115993, 0.87681186, -103.0662, 18, 126.00076, 0.19236666, 0.9941803, -92.43776, 18, 121.85848, -0.96852255, 1.0804863, -99.95024, 18, 129.1713, -2.9850385, 0.9411804, -97.60506, 18, 122.68938, 0.8365536, 0.8550502, -91.673355, 18, 124.608894, 2.3898485, 0.98924303, -97.30061, 18, 129.38187, -2.6696856, 1.0313317, -100.821785, 18, 127.086655, -0.06709705, 0.8835212, -96.90041, 18.000061, 132.13394, 1.4029636, 1.0078015, -99.79711, 18, 118.61737, 1.3178573, 0.8914299, -105.76397, 18, 123.42237, 0.2446029, 1.1261948, -104.871124, 18, 128.29355, 1.1802185, 0.9209646, -103.53568, 18, 123.10216, -1.8408163, 1.020209, -106.373085, 18, 121.01705, -1.8979872, 0.88993317, -102.24994, 18, 129.15762, -1.4531281, 0.9157575, -108.38043, 18, 120.99083, -0.6628688, 0.9374672, -94.65801, 18, 127.53766, -2.0197468, 1.1476865, -105.85818, 18, 117.355286, 2.211449, 1.0334448, -105.704155, 18, 115.22754, -0.18837048, 0.9531768, -98.12343, 18, 120.65112, -1.2992158, 1.096295, -110.020065, 18, 117.17946, 0.45428675, 0.92883, -107.73486, 18, 126.53068, 1.9118093, 0.87635434, -100.844955, 17.999878, 114.05946, 2.7292814, 0.93093175, -101.95395, 17.92511, 110.69364, 1.2928189, 1.0082344, -110.42009, 18, 114.53812, -1.7862053, 0.96391726, -109.49548, 18, 123.07091, 0.42239037, 1.1256528, -105.02849, 18, 110.95887, 1.8158407, 1.046127, -112.06571, 18, 120.29781, -2.1738956, 1.0927712, -103.299164, 18, 116.11371, 1.2124563, 1.0550469, -103.2359, 17.999878, 112.65838, 1.6183628, 1.1168058, -111.57182, 18, 112.598274, -2.2443235, 0.9619154, -111.347855, 18, 110.59839, 1.181039, 0.9464106, -108.68468, 18, 111.54544, -2.2966354, 1.0208393, -91.77094, 18.002075, 128.43858, -0.94670826, 1.0645534, -103.301796, 18, 134.78111, 1.0686737, 1.0192251, -99.476555, 18, 132.84386, 2.1242616, 1.1242211, -104.12404, 18, 131.94003, -2.2239606, 0.8684533, -105.88309, 18, 138.2283, -1.7352674, 0.9410135, -105.527145, 18, 125.42509, 1.6660155, 0.96588975, -100.15803, 18.001343, 139.73013, 2.1318371, 1.0691804, -106.835434, 18, 132.70512, 0.18141532, 0.8986209, -108.57667, 18, 135.48894, 1.6541537, 1.0485666, -110.68744, 18, 135.56822, 0.22569779, 1.0847238, -110.49586, 18, 137.6675, -2.6046784, 1.111723, -111.42281, 18, 133.42587, 2.7003036, 0.962886, -104.64187, 18, 136.47803, 1.885592, 1.1186271, -103.13859, 18, 141.33661, 0.36896545, 0.8751507, -100.70102, 18, 136.00175, 1.0881441, 0.9759632, -106.9284, 18, 141.97911, -2.2247639, 1.1368971, -106.744026, 18, 136.42252, 1.9486163, 1.068186, -107.629326, 18, 129.22717, -1.4885626, 1.0691781, -114.37667, 18, 132.34729, 1.2567744, 0.85803735, -111.33452, 18, 139.48573, 1.1681825, 1.0331612, -103.74907, 18, 139.23233, 2.2854235, 1.1178583, -111.88715, 18, 142.06613, -1.9399139, 0.90034497, -110.30377, 18, 128.75261, -1.7071981, 0.9536045, -109.37399, 18, 142.55609, 2.7069724, 1.0115106, -115.81158, 18, 133.99492, 2.0891361, 1.058667, -117.258575, 18, 136.59079, 0.93299025, 0.99805737, -114.45031, 18, 135.61807, 0.90432477, 0.9763769, -116.76461, 18, 132.15195, -0.35930654, 0.9495125, -112.15922, 18, 129.84904, -2.7770953, 1.0342122, -115.93755, 18, 138.88057, -0.9194904, 1.1004006, -109.79025, 18, 131.3028, 1.3957447, 1.0085716, -114.31321, 17.997253, 146.26578, -2.3627079, 1.0096153, -117.28311, 17.999512, 144.5425, 1.114037, 0.8697191, -118.04147, 18, 138.66176, 2.0371416, 1.0344691, -114.647606, 18, 142.30681, 2.277284, 0.90236026, -114.11244, 18, 137.97078, 1.6791861, 0.99879247, -118.88569, 18.000916, 132.21466, -2.6713138, 0.9828867, -114.86504, 18, 127.70601, 0.026621083, 0.991145, -116.81878, 18.000061, 126.77323, -0.05149228, 0.9040836, -112.67633, 18, 127.10426, -1.2968265, 0.94310945, -112.751724, 18, 122.949936, -2.7932549, 0.9723213, -114.95911, 18, 124.3316, -1.025467, 0.8737536, -116.155464, 18, 129.40749, 1.9827237, 1.0734494, -116.15707, 18.141296, 122.60872, -1.8796066, 0.9942663, -115.85442, 18.170654, 119.26587, -1.1032534, 1.1110561, -107.67034, 18, 118.98714, -0.5915342, 1.0588607, -114.67476, 18, 114.692474, 1.6728536, 0.94911015, -113.2314, 18, 117.27011, -0.36008775, 0.93440837, -113.948, 18, 112.72495, 0.8958452, 0.9780229, -113.72082, 18, 110.0518, 1.2825724, 1.0556284, -116.014, 18, 111.49397, -1.1124157, 1.0376377, -116.98253, 18.00116, 113.68591, 0.015637916, 0.87901115, -116.26995, 18.000122, 107.25879, 0.8720883, 0.9652852, -110.29349, 18, 108.30963, -0.6961814, 1.0629638, -113.99642, 18, 104.35551, 2.0177581, 1.0102181, -111.57052, 18, 104.70213, 0.54607767, 0.9794936, -112.10651, 18, 101.955574, 0.48118085, 0.930436, -123.60949, 26.722351, 106.31918, 0.9590739, 1.104039, -123.03326, 26.61493, 110.222786, 2.73284, 1.1147311, -112.28583, 18, 107.87093, -2.171822, 1.0785124, -115.44886, 18, 101.644196, -0.61168456, 0.99337715, -67.12473, 27.119995, 133.62079, -1.8443626, 1.1255994, -70.76379, 27.119873, 135.7288, 0.5425693, 1.0034093, -66.72255, 27.119995, 137.46352, 1.0755134, 0.97039247, -68.81213, 27.119995, 141.94122, -1.9844418, 0.8516212, -75.60962, 26.999939, 138.54092, 1.8767959, 1.0892584, -62.30212, 27.119995, 137.70332, 1.9064685, 0.89267313, -66.54775, 27.119995, 145.75075, 0.15145439, 0.91310006, -70.84487, 26.884766, 131.28955, -2.1149046, 0.9871881, -73.53406, 26.999939, 142.41306, -0.9273611, 1.0926195, -71.8593, 27.23999, 140.24406, -0.9389917, 0.89307857, -62.578026, 27.119995, 142.13838, -2.6250958, 0.94710517, -72.70412, 26.999939, 137.79434, 0.4659695, 1.0672419, -66.346016, 27.119995, 142.08702, -1.5490131, 1.0677661, -73.22092, 26.999939, 145.37234, 1.7687559, 0.8806599, -61.977524, 27.119995, 139.87364, 2.576854, 1.0158782, -68.68637, 27.119995, 138.14809, 1.5330509, 1.1117818, -71.02279, 27.23999, 145.1346, -1.5486494, 0.96214676, -64.31403, 27.119995, 135.98108, -2.1083722, 1.1286957, -68.55408, 27.119995, 148.47568, 0.55127996, 1.0469594, -66.46874, 27.119995, 149.94983, 2.1617584, 0.91084343, -63.74229, 27.119995, 147.28683, -1.2666948, 1.0515541, -68.76489, 27.119995, 144.54982, -0.36239192, 0.9329617, -58.827827, 26.999939, 148.10204, 1.1044137, 0.97235566, -64.56168, 27.119995, 144.55426, -2.6512954, 0.9866702, -59.433407, 26.999939, 144.84323, -0.06296905, 0.940814, -69.26456, 27.119995, 150.45284, 0.6470103, 0.93388885, -61.565487, 27.119995, 148.5783, 1.9336858, 0.95039713, -63.4224, 27.119995, 151.63608, -1.3780513, 0.9873234, -71.98378, 27.23999, 148.52798, -2.34059, 1.0177165, -59.147034, 26.999939, 151.15218, -1.5675248, 0.9483153, -64.4951, 27.119995, 155.0701, 1.0788214, 1.0502596, -60.30512, 27.240051, 153.03285, -2.4912894, 0.85134184, -56.56101, 26.999939, 142.00798, 1.4227383, 1.1416434, -59.718452, 26.999939, 139.31711, -0.99837714, 1.0101696, -54.671555, 33.63739, 144.77945, 0.19829585, 0.8703715, -60.4909, 27.240051, 141.32259, 0.6716364, 1.0548617, -65.22271, 27.119995, 139.73154, 0.90037334, 1.0122728, -55.234165, 26.999939, 149.3862, 2.1420498, 1.1251081, -57.05488, 26.999939, 146.08638, -1.2140211, 1.0696664, -53.754242, 33.63739, 140.83458, -2.6255968, 1.0634112, -55.004604, 27, 138.11465, -2.8521142, 0.88449574, -62.189682, 27.120056, 144.65094, -2.8962142, 1.0151163, -57.93447, 27, 136.8968, -0.10862295, 1.1203408, -57.4466, 27, 143.8925, 0.58077353, 1.0835577, -56.14698, 27, 135.53708, -2.7321293, 1.0823904, -56.072872, 26.99939, 132.77472, -1.9476637, 0.9856216, -51.843292, 33.63739, 144.00865, 1.1546212, 0.878213, -57.7724, 26.992859, 134.17255, -2.5445998, 0.8954072, -50.596935, 33.63739, 141.7219, -1.9413036, 0.88416463, -49.6935, 33.63739, 138.56236, 2.16047, 1.0412884, -52.35252, 27, 136.29546, -2.8525217, 0.9114753, -48.504284, 33.63739, 136.37639, 2.487709, 0.97108376, -54.181747, 27, 134.62155, -1.2920464, 0.9978471, -46.90722, 33.63739, 140.27194, 1.5321064, 0.8576563, -48.014896, 33.63739, 142.10854, -1.7470858, 1.133284, -89.5, 9, 99.5, -1.8078876, 1.0539914, -89.5, 9, 100.5, -2.5290616, 1.1007128, -89.5, 9, 101.5, 2.7001066, 0.9069124, -88.5, 9, 96.5, 2.8025928, 0.90404844, -88.5, 9, 97.5, -2.8973186, 0.9252039, -88.5, 9, 98.5, -1.6923264, 1.0745895, -88.5, 9, 99.5, -2.1787586, 1.0880939, -88.5, 9, 100.5, 1.3301194, 1.0511758, -88.5, 9, 101.5, 0.45998228, 1.0038347, -88.5, 9, 102.5, 0.32092893, 1.0097021, -88.5, 9, 103.5, 1.1458867, 1.1184418, -87.5, 9, 95.5, -0.33407992, 0.8763055, -87.5, 9, 96.5, -0.4273423, 1.1406097, -87.5, 9, 97.5, -2.2945263, 0.90354496, -87.5, 9, 98.5, 0.794232, 1.0028509, -87.5, 9, 99.5, -2.4265707, 1.1120579, -87.5, 9, 100.5, -2.3671057, 0.86248165, -87.5, 9, 101.5, -2.7267337, 1.0607077, -87.5, 9, 102.5, 2.2049448, 0.92607474, -87.5, 9, 103.5, 0.80986845, 1.014765, -87.5, 9, 104.5, -1.4591581, 0.885255, -87.5, 9, 105.5, 2.7870266, 0.91565126, -86.5, 9, 94.5, 1.9024234, 0.87868404, -86.5, 9, 95.5, -3.0914443, 0.99526787, -86.5, 9, 96.5, 2.0697944, 0.85444087, -86.5, 9, 97.5, 2.4558694, 1.1428505, -86.5, 9, 98.5, -1.0352026, 0.9744398, -86.5, 9, 99.5, 1.3032204, 1.0878567, -86.5, 9, 100.5, -3.0161672, 0.98231703, -86.5, 9, 101.5, -1.8849133, 1.0933988, -86.5, 9, 102.5, 0.3500858, 0.986727, -86.5, 9, 103.5, 2.946055, 1.0504524, -86.5, 9, 104.5, -2.4094405, 0.91022617, -86.5, 9, 105.5, 1.5899976, 0.96895844, -86.5, 9, 106.5, 2.175203, 1.0185279, -85.5, 9, 93.5, 1.3395847, 1.1176841, -85.5, 9, 94.5, -0.32379934, 1.020532, -85.5, 9, 95.5, -1.1138867, 0.9004402, -85.5, 9, 96.5, -0.55828065, 0.9322619, -85.5, 9, 97.5, 2.013639, 1.116608, -85.5, 9, 98.5, -0.68159026, 0.97824466, -85.5, 9, 99.5, -1.2113078, 1.135711, -85.5, 9, 100.5, -3.0518982, 0.9126336, -85.5, 9, 101.5, -0.32322654, 1.0221865, -85.5, 9, 102.5, -1.8081943, 1.1322225, -85.5, 9, 103.5, -1.8487097, 0.8583373, -85.5, 9, 104.5, -0.08101243, 0.98958135, -85.5, 9, 105.5, -3.025933, 0.8957189, -85.5, 9, 106.5, 1.1164354, 1.0650207, -84.5, 9, 93.5, 1.3910989, 1.0607305, -84.5, 9, 94.5, -1.9560109, 1.0437474, -84.5, 9, 95.5, 1.7817532, 0.9163609, -84.5, 9, 96.5, 1.0365142, 1.0032792, -84.5, 9, 97.5, -0.5785394, 0.8690065, -84.5, 9, 98.5, 0.32199815, 0.89564097, -84.5, 9, 99.5, -1.5258366, 0.8510371, -84.5, 9, 100.5, -1.0452819, 0.85709184, -84.5, 9, 101.5, 2.1718595, 0.96115273, -84.5, 9, 102.5, -0.9013764, 0.95753795, -84.5, 9, 103.5, -0.8944247, 1.0093194, -84.5, 9, 104.5, 3.1369002, 1.1312447, -84.5, 9, 105.5, 0.30301812, 0.95334595, -84.5, 9, 106.5, -0.07649381, 1.0191975, -84.5, 9, 107.5, 2.5585406, 0.9279529, -83.5, 9, 93.5, 0.8651599, 0.9271494, -83.5, 9, 94.5, 0.4162114, 0.8750806, -83.5, 9, 95.5, 1.5887176, 0.86833894, -83.5, 9, 96.5, -1.8913331, 1.0484186, -83.5, 9, 97.5, -0.49685472, 0.95114255, -83.5, 9, 98.5, -3.086164, 1.0028714, -83.5, 9, 99.5, -0.37207347, 1.1131968, -83.5, 9, 100.5, -0.5571258, 0.93040967, -83.5, 9, 101.5, 2.0523136, 1.0030754, -83.5, 9, 102.5, -0.41390237, 0.8940191, -83.5, 9, 103.5, -1.2659725, 1.1375525, -83.5, 9, 104.5, -0.5731656, 1.1023663, -83.5, 9, 105.5, 0.3072905, 0.9465478, -83.5, 9, 106.5, -1.8902482, 1.0773472, -83.5, 9, 107.5, -0.77984685, 1.1307411, -82.5, 9, 92.5, 1.6422837, 1.1139014, -82.5, 9, 93.5, 1.963425, 1.0602145, -82.5, 9, 94.5, -1.0094798, 1.0476335, -82.5, 9, 95.5, 2.8921096, 1.0475264, -82.5, 9, 96.5, -2.3491185, 0.9869633, -82.5, 9, 97.5, -2.430352, 0.86645746, -82.5, 9, 98.5, 3.1035123, 0.93873143, -82.5, 9, 99.5, -2.6977098, 1.1324496, -82.5, 9, 100.5, 1.3330165, 0.951668, -82.5, 9, 101.5, -0.66984254, 1.0260481, -82.5, 9, 102.5, -1.1139741, 1.0609292, -82.5, 9, 103.5, -0.92500764, 0.85948, -82.5, 9, 104.5, -1.9293857, 0.94985837, -82.5, 9, 105.5, -1.0954174, 0.98966527, -82.5, 9, 106.5, 1.7713306, 1.1398469, -82.5, 9, 107.5, 0.31411627, 1.0809923, -81.5, 9, 93.5, -0.8112118, 1.0542985, -81.5, 9, 94.5, 2.5701687, 0.86412907, -81.5, 9, 95.5, -0.5944668, 0.9498036, -81.5, 9, 96.5, 0.5427989, 0.9278715, -81.5, 9, 97.5, 1.3651935, 1.0271376, -81.5, 9, 98.5, 2.457755, 1.1425363, -81.5, 9, 99.5, 2.5699553, 0.8680996, -81.5, 9, 100.5, 1.0218948, 1.0948721, -81.5, 9, 101.5, 2.982092, 1.1484203, -81.5, 9, 102.5, 0.6536369, 1.0895694, -81.5, 9, 103.5, -1.1285866, 1.1446152, -81.5, 9, 104.5, -1.6897147, 0.8908824, -81.5, 9, 105.5, 2.5426328, 1.045429, -81.5, 9, 106.5, -1.0002892, 1.0860693, -81.5, 9, 107.5, 0.17719051, 1.010766, -80.5, 9, 92.5, -0.6176765, 0.9706753, -80.5, 9, 93.5, 3.0444777, 0.9099371, -80.5, 9, 94.5, -1.5989306, 0.92661667, -80.5, 9, 95.5, 1.7221814, 1.1490829, -80.5, 9, 96.5, -1.4529783, 1.0099893, -80.5, 8.999878, 97.5, 1.8591409, 0.89080304, -80.5, 8.999878, 98.5, -2.6256752, 1.080317, -80.5, 9, 99.5, 2.207905, 1.0719031, -80.5, 9, 100.5, -0.9554083, 0.92795384, -80.5, 9, 101.5, 3.1236837, 1.0772587, -80.5, 9, 102.5, 1.7186098, 0.88267475, -80.5, 9, 103.5, -1.1729032, 1.1265594, -80.5, 9, 104.5, 1.0015602, 1.1432002, -80.5, 9, 105.5, 0.6497937, 1.0012642, -80.5, 9, 106.5, 0.42100057, 1.0259061, -80.5, 9, 107.5, 1.2751178, 0.9868474, -79.5, 9, 93.5, 2.362736, 0.89526385, -79.5, 9, 94.5, 1.8538648, 0.9810109, -79.5, 9, 95.5, -1.1778933, 0.8946754, -79.5, 8.999878, 96.5, -0.037199035, 0.9061692, -79.5, 8.999756, 97.5, 2.68179, 0.932486, -79.5, 8.999878, 98.5, -2.2862916, 0.9488508, -79.5, 9, 99.5, 2.833066, 0.9951088, -79.5, 9, 100.5, -2.1368363, 0.90122515, -79.5, 9, 101.5, -1.8995397, 0.9910039, -79.5, 9, 102.5, 2.3753111, 0.94890827, -79.5, 9, 103.5, -1.9318162, 1.0962623, -79.5, 9, 104.5, 2.3493676, 1.009685, -79.5, 9, 105.5, -0.7801736, 1.0816349, -79.5, 9, 106.5, 1.9485713, 1.0129565, -79.5, 9, 107.5, -0.2367139, 1.1231664, -78.5, 9.240051, 93.5, 0.41094807, 1.0297494, -78.5, 9, 94.5, 0.06874488, 1.1326911, -78.5, 9, 95.5, -2.9355083, 1.1199577, -78.5, 8.999878, 96.5, -2.4046142, 1.117044, -78.5, 8.899841, 97.5, 0.1002443, 0.97059715, -78.5, 8.999878, 98.5, 2.126162, 0.99253356, -78.5, 9, 99.5, 0.90769607, 0.9488811, -78.5, 9, 100.5, -2.0871809, 0.98393303, -78.5, 9, 101.5, -1.3108422, 1.0832183, -78.5, 9, 102.5, -0.77193785, 0.9451413, -78.5, 9, 103.5, -3.0990179, 1.0650771, -78.5, 9, 104.5, -0.22162333, 0.86535275, -78.5, 9, 105.5, -0.5124297, 1.0379615, -78.5, 9, 106.5, -0.2925746, 0.8744008, -78.5, 9, 107.5, -0.60687125, 1.0846099, -77.5, 9.239929, 93.5, 1.8211296, 0.9280047, -77.5, 9.239929, 94.5, 1.0142156, 1.1409092, -77.5, 9, 95.5, -2.7052836, 0.9019855, -77.5, 8.899963, 96.5, -0.78339475, 1.1151488, -77.5, 8.899841, 97.5, -1.0685481, 0.9529995, -77.5, 8.999878, 98.5, -1.0372291, 1.0965832, -77.5, 9, 99.5, 2.711295, 0.92706096, -77.5, 9, 100.5, -2.5944035, 1.0519639, -77.5, 9, 101.5, 0.86878705, 0.93570817, -77.5, 9, 102.5, -0.027115993, 1.021984, -77.5, 9, 103.5, -0.24632488, 0.86262363, -77.5, 9, 104.5, 3.0545094, 0.9410977, -77.5, 9, 105.5, 1.5418218, 0.9658987, -77.5, 9, 106.5, 1.313419, 1.0217289, -76.5, 9.23999, 94.5, -2.5202813, 1.0712547, -76.5, 9, 95.5, -1.5783939, 0.9150068, -76.5, 8.899963, 96.5, 1.3970482, 0.8621, -76.5, 8.899841, 97.5, -1.8060774, 1.0626886, -76.5, 8.999878, 98.5, -2.530613, 0.9124723, -76.5, 9, 99.5, 1.2244684, 1.047132, -76.5, 9, 100.5, -3.1372633, 1.0146599, -76.5, 9, 101.5, -2.0315576, 0.96197706, -76.5, 9, 102.5, 1.2086533, 1.0002253, -76.5, 9, 103.5, 0.0916767, 1.0994353, -76.5, 9, 104.5, -1.3671662, 1.1055709, -76.5, 9, 105.5, -1.157963, 1.1456251, -75.5, 9, 95.5, 1.1358259, 1.0475386, -75.5, 8.899963, 96.5, -2.1992679, 0.8777262, -75.5, 8.899841, 97.5, 1.0233581, 1.001685, -75.5, 8.999878, 98.5, 0.54731095, 1.0136293, -75.5, 9, 99.5, 2.3562148, 1.0443809, -75.5, 9, 100.5, -1.1091033, 0.9345501, -75.5, 9, 101.5, -1.301768, 0.85542417, -75.5, 9, 102.5, 1.2556416, 1.0170789, -75.5, 9, 103.5, -0.013870804, 1.1392531, -75.5, 9, 104.5, 1.0988718, 0.8577108, -74.5, 8.899841, 97.5, -1.6187525, 1.0170841, -74.5, 8.999878, 98.5, 1.6387974, 0.9288938, -74.5, 9, 99.5, -1.8962106, 1.0463114, -74.5, 9, 100.5, 1.1638724, 0.98528266, -74.5, 9, 101.5, 1.240094, 0.8561346, -74.5, 9, 102.5, -2.5207691, 0.95140314, -74.5, 9, 103.5, 2.8263142, 1.0409806, -92.5, 9, 98.5, 0.27513045, 1.04469, -92.5, 9, 99.5, 0.67661697, 0.9982917, -92.5, 9, 100.5, 1.5317488, 1.0125878, -91.5, 9, 96.5, 0.9922133, 1.0816242, -91.5, 9, 97.5, -2.5280612, 0.97540903, -91.5, 9, 98.5, -1.2083739, 0.9725543, -91.5, 9, 99.5, -1.2247202, 0.85193044, -91.5, 9, 100.5, 2.9266667, 1.0433979, -91.5, 9, 101.5, 0.4945534, 0.9143222, -91.5, 9, 102.5, 2.6717975, 1.107612, -91.5, 9, 103.5, 1.400266, 0.93662715, -90.5, 9, 94.5, -0.25075024, 1.0318892, -90.5, 9, 95.5, 